[iter 0]:[0.0349 0.0258 0.0326],[0.2886 0.2117 0.1386],[0.1816 0.8272 0.8646],[0.6532 0.5764 0.4852],[0.213  0.1019 0.9009],[0.2633 0.2305 0.21  ],[0.6927 0.8241 0.088 ],[0.9204 0.2309 0.6909],[0.7231 0.6763 0.6007],[0.9295 0.1734 0.3841],[0.8086 0.7375 0.6412],[0.2761 0.5744 0.8853],[0.7468 0.0518 0.8608],[0.6268 0.1163 0.6309],[0.087  0.5147 0.4383],[0.9307 0.3673 0.6876]
[iter 1]:[0.0476 0.0396 0.0486],[0.2283 0.1778 0.1343],[0.1816 0.8272 0.8646],[0.6048 0.5285 0.4403],[0.213  0.1019 0.9009],[0.2998 0.2623 0.2378],[0.6927 0.8241 0.088 ],[0.9204 0.2309 0.6909],[0.7376 0.6638 0.5688],[0.9295 0.1734 0.3841],[0.8229 0.7522 0.6567],[0.2761 0.5744 0.8853],[0.7468 0.0518 0.8608],[0.6268 0.1163 0.6309],[0.087  0.5147 0.4383],[0.9307 0.3673 0.6876]
[iter 2]:[0.0446 0.0366 0.0455],[0.1762 0.1588 0.1616],[0.1816 0.8272 0.8646],[0.5838 0.5077 0.4211],[0.213  0.1019 0.9009],[0.3568 0.3039 0.2582],[0.6927 0.8241 0.088 ],[0.9204 0.2309 0.6909],[0.7243 0.6492 0.5538],[0.9295 0.1734 0.3841],[0.8261 0.7563 0.6618],[0.2761 0.5744 0.8853],[0.7468 0.0518 0.8608],[0.6268 0.1163 0.6309],[0.087  0.5147 0.4383],[0.9307 0.3673 0.6876]
[iter 3]:[0.0412 0.0332 0.0418],[0.1704 0.1552 0.1611],[0.1816 0.8272 0.8646],[0.5768 0.5008 0.4149],[0.213  0.1019 0.9009],[0.3804 0.3211 0.266 ],[0.6927 0.8241 0.088 ],[0.9204 0.2309 0.6909],[0.7124 0.637  0.5418],[0.9295 0.1734 0.3841],[0.8222 0.7521 0.6575],[0.2761 0.5744 0.8853],[0.7468 0.0518 0.8608],[0.6268 0.1163 0.6309],[0.087  0.5147 0.4383],[0.9307 0.3673 0.6876]
[iter 4]:[0.0402 0.0323 0.0408],[0.1698 0.1544 0.1601],[0.1816 0.8272 0.8646],[0.5729 0.4969 0.4115],[0.213  0.1019 0.9009],[0.3879 0.3272 0.27  ],[0.6927 0.8241 0.088 ],[0.9204 0.2309 0.6909],[0.7042 0.6286 0.5337],[0.9295 0.1734 0.3841],[0.8162 0.7454 0.6504],[0.2761 0.5744 0.8853],[0.7468 0.0518 0.8608],[0.6268 0.1163 0.6309],[0.087  0.5147 0.4383],[0.9307 0.3673 0.6876]
[iter 5]:[0.0401 0.0321 0.0406],[0.1711 0.1556 0.161 ],[0.1816 0.8272 0.8646],[0.5696 0.4937 0.4085],[0.213  0.1019 0.9009],[0.3916 0.3299 0.2712],[0.6927 0.8241 0.088 ],[0.9204 0.2309 0.6909],[0.6985 0.6227 0.5281],[0.9295 0.1734 0.3841],[0.8114 0.7407 0.6455],[0.2761 0.5744 0.8853],[0.7468 0.0518 0.8608],[0.6268 0.1163 0.6309],[0.087  0.5147 0.4383],[0.9307 0.3673 0.6876]
[iter 6]:[0.0401 0.0322 0.0406],[0.1722 0.1564 0.1616],[0.1816 0.8272 0.8646],[0.5668 0.4908 0.4056],[0.213  0.1019 0.9009],[0.3926 0.3308 0.2718],[0.6927 0.8241 0.088 ],[0.9204 0.2309 0.6909],[0.6938 0.6179 0.5237],[0.9295 0.1734 0.3841],[0.8075 0.7364 0.6413],[0.2761 0.5744 0.8853],[0.7468 0.0518 0.8608],[0.6268 0.1163 0.6309],[0.087  0.5147 0.4383],[0.9307 0.3673 0.6876]
[iter 7]:[0.0402 0.0323 0.0408],[0.1731 0.1572 0.1624],[0.1816 0.8272 0.8646],[0.5639 0.488  0.403 ],[0.213  0.1019 0.9009],[0.3934 0.3313 0.2718],[0.6927 0.8241 0.088 ],[0.9204 0.2309 0.6909],[0.6899 0.6139 0.5199],[0.9295 0.1734 0.3841],[0.8047 0.7335 0.6383],[0.2761 0.5744 0.8853],[0.7468 0.0518 0.8608],[0.6268 0.1163 0.6309],[0.087  0.5147 0.4383],[0.9307 0.3673 0.6876]
[iter 8]:[0.0405 0.0325 0.041 ],[0.1744 0.1583 0.1633],[0.1816 0.8272 0.8646],[0.5616 0.4857 0.401 ],[0.213  0.1019 0.9009],[0.3936 0.3313 0.2716],[0.6927 0.8241 0.088 ],[0.9204 0.2309 0.6909],[0.6865 0.6105 0.5166],[0.9295 0.1734 0.3841],[0.8019 0.7305 0.6354],[0.2761 0.5744 0.8853],[0.7468 0.0518 0.8608],[0.6268 0.1163 0.6309],[0.087  0.5147 0.4383],[0.9307 0.3673 0.6876]
[iter 9]:[0.0406 0.0327 0.0412],[0.1749 0.1587 0.1637],[0.1816 0.8272 0.8646],[0.5593 0.4834 0.3986],[0.213  0.1019 0.9009],[0.3925 0.3305 0.2711],[0.6927 0.8241 0.088 ],[0.9204 0.2309 0.6909],[0.684  0.6079 0.5143],[0.9295 0.1734 0.3841],[0.8001 0.7287 0.6334],[0.2761 0.5744 0.8853],[0.7468 0.0518 0.8608],[0.6268 0.1163 0.6309],[0.087  0.5147 0.4383],[0.9307 0.3673 0.6876]
[iter 10]:[0.0407 0.0327 0.0412],[0.1749 0.1588 0.1638],[0.1816 0.8272 0.8646],[0.5574 0.4816 0.3969],[0.213  0.1019 0.9009],[0.3914 0.3296 0.2703],[0.6927 0.8241 0.088 ],[0.9204 0.2309 0.6909],[0.6823 0.6061 0.5126],[0.9295 0.1734 0.3841],[0.7988 0.7274 0.6322],[0.2761 0.5744 0.8853],[0.7468 0.0518 0.8608],[0.6268 0.1163 0.6309],[0.087  0.5147 0.4383],[0.9307 0.3673 0.6876]
[iter 11]:[0.0407 0.0327 0.0412],[0.1748 0.1587 0.1638],[0.1816 0.8272 0.8646],[0.5563 0.4805 0.3959],[0.213  0.1019 0.9009],[0.3907 0.3289 0.2697],[0.6927 0.8241 0.088 ],[0.9204 0.2309 0.6909],[0.6805 0.6044 0.5111],[0.9295 0.1734 0.3841],[0.7973 0.7257 0.6303],[0.2761 0.5744 0.8853],[0.7468 0.0518 0.8608],[0.6268 0.1163 0.6309],[0.087  0.5147 0.4383],[0.9307 0.3673 0.6876]
[iter 12]:[0.0407 0.0327 0.0412],[0.1745 0.1585 0.1636],[0.1816 0.8272 0.8646],[0.5546 0.4789 0.3945],[0.213  0.1019 0.9009],[0.3894 0.3278 0.269 ],[0.6927 0.8241 0.088 ],[0.9204 0.2309 0.6909],[0.6794 0.6032 0.51  ],[0.9295 0.1734 0.3841],[0.7968 0.7252 0.6298],[0.2761 0.5744 0.8853],[0.7468 0.0518 0.8608],[0.6268 0.1163 0.6309],[0.087  0.5147 0.4383],[0.9307 0.3673 0.6876]
[iter 13]:[0.0406 0.0327 0.0412],[0.1742 0.1582 0.1634],[0.1816 0.8272 0.8646],[0.5535 0.4777 0.3934],[0.213  0.1019 0.9009],[0.3881 0.3267 0.2682],[0.6927 0.8241 0.088 ],[0.9204 0.2309 0.6909],[0.6784 0.6022 0.5091],[0.9295 0.1734 0.3841],[0.7961 0.7244 0.6291],[0.2761 0.5744 0.8853],[0.7468 0.0518 0.8608],[0.6268 0.1163 0.6309],[0.087  0.5147 0.4383],[0.9307 0.3673 0.6876]
[iter 14]:[0.0406 0.0327 0.0412],[0.1736 0.1577 0.1629],[0.1816 0.8272 0.8646],[0.5525 0.4768 0.3925],[0.213  0.1019 0.9009],[0.3862 0.3252 0.2675],[0.6927 0.8241 0.088 ],[0.9204 0.2309 0.6909],[0.678  0.6018 0.5087],[0.9295 0.1734 0.3841],[0.7961 0.7244 0.6291],[0.2761 0.5744 0.8853],[0.7468 0.0518 0.8608],[0.6268 0.1163 0.6309],[0.087  0.5147 0.4383],[0.9307 0.3673 0.6876]
[iter 15]:[0.0405 0.0326 0.0411],[0.1726 0.1569 0.1622],[0.1816 0.8272 0.8646],[0.552  0.4763 0.392 ],[0.213  0.1019 0.9009],[0.3844 0.3238 0.2666],[0.6927 0.8241 0.088 ],[0.9204 0.2309 0.6909],[0.678  0.6017 0.5086],[0.9295 0.1734 0.3841],[0.796  0.7244 0.629 ],[0.2761 0.5744 0.8853],[0.7468 0.0518 0.8608],[0.6268 0.1163 0.6309],[0.087  0.5147 0.4383],[0.9307 0.3673 0.6876]
[iter 16]:[0.0405 0.0325 0.041 ],[0.1721 0.1565 0.1621],[0.1816 0.8272 0.8646],[0.5509 0.4751 0.3909],[0.213  0.1019 0.9009],[0.3828 0.3223 0.2655],[0.6927 0.8241 0.088 ],[0.9204 0.2309 0.6909],[0.6776 0.6014 0.5082],[0.9295 0.1734 0.3841],[0.796  0.7244 0.629 ],[0.2761 0.5744 0.8853],[0.7468 0.0518 0.8608],[0.6268 0.1163 0.6309],[0.087  0.5147 0.4383],[0.9307 0.3673 0.6876]
[iter 17]:[0.0405 0.0325 0.041 ],[0.1715 0.156  0.1616],[0.1816 0.8272 0.8646],[0.5501 0.4744 0.3902],[0.213  0.1019 0.9009],[0.3811 0.321  0.2648],[0.6927 0.8241 0.088 ],[0.9204 0.2309 0.6909],[0.6767 0.6005 0.5075],[0.9295 0.1734 0.3841],[0.7952 0.7235 0.628 ],[0.2761 0.5744 0.8853],[0.7468 0.0518 0.8608],[0.6268 0.1163 0.6309],[0.087  0.5147 0.4383],[0.9307 0.3673 0.6876]
[iter 18]:[0.0402 0.0323 0.0408],[0.1701 0.1547 0.1604],[0.1816 0.8272 0.8646],[0.5496 0.4739 0.3898],[0.213  0.1019 0.9009],[0.3795 0.3198 0.2642],[0.6927 0.8241 0.088 ],[0.9204 0.2309 0.6909],[0.6765 0.6003 0.5073],[0.9295 0.1734 0.3841],[0.7952 0.7234 0.628 ],[0.2761 0.5744 0.8853],[0.7468 0.0518 0.8608],[0.6268 0.1163 0.6309],[0.087  0.5147 0.4383],[0.9307 0.3673 0.6876]
[iter 19]:[0.0401 0.0321 0.0406],[0.1691 0.1539 0.1597],[0.1816 0.8272 0.8646],[0.5492 0.4735 0.3893],[0.213  0.1019 0.9009],[0.3778 0.3185 0.2636],[0.6927 0.8241 0.088 ],[0.9204 0.2309 0.6909],[0.6764 0.6002 0.5073],[0.9295 0.1734 0.3841],[0.7952 0.7234 0.628 ],[0.2761 0.5744 0.8853],[0.7468 0.0518 0.8608],[0.6268 0.1163 0.6309],[0.087  0.5147 0.4383],[0.9307 0.3673 0.6876]
