[iter 0]:[0.512  0.4906 0.484 ],[0.7459 0.673  0.5794],[0.2179 0.187  0.1656],[0.2549 0.2484 0.2703]
[iter 1]:[0.5614 0.486  0.4018],[0.7425 0.6684 0.5731],[0.0698 0.0597 0.0671],[0.345  0.2953 0.2544]
[iter 2]:[0.5692 0.4933 0.408 ],[0.7435 0.6696 0.5746],[0.0591 0.0504 0.0591],[0.3234 0.2773 0.241 ]
[iter 3]:[0.57   0.494  0.4086],[0.746  0.6721 0.5771],[0.0558 0.0473 0.056 ],[0.3072 0.2646 0.2334]
[iter 4]:[0.5692 0.4933 0.408 ],[0.7472 0.6735 0.5784],[0.054  0.0455 0.0544],[0.2965 0.256  0.2277]
[iter 5]:[0.5673 0.4915 0.4063],[0.7473 0.6736 0.5785],[0.0529 0.0445 0.0534],[0.2891 0.2501 0.2239]
[iter 6]:[0.5651 0.4894 0.4044],[0.7465 0.6727 0.5776],[0.0521 0.0438 0.0527],[0.284  0.2461 0.2213]
[iter 7]:[0.5634 0.4877 0.4027],[0.7458 0.672  0.577 ],[0.0517 0.0434 0.0522],[0.2804 0.2433 0.2197]
[iter 8]:[0.5617 0.4861 0.4013],[0.7453 0.6715 0.5765],[0.0515 0.0431 0.052 ],[0.2777 0.2412 0.2184]
[iter 9]:[0.5597 0.4842 0.3997],[0.7444 0.6705 0.5755],[0.0511 0.0428 0.0516],[0.2749 0.2389 0.2171]
[iter 10]:[0.5578 0.4823 0.398 ],[0.7435 0.6696 0.5746],[0.0509 0.0426 0.0514],[0.2724 0.237  0.2158]
[iter 11]:[0.5567 0.4812 0.397 ],[0.7429 0.669  0.574 ],[0.0507 0.0424 0.0512],[0.2713 0.2361 0.2151]
[iter 12]:[0.5558 0.4803 0.3962],[0.7426 0.6687 0.5737],[0.0506 0.0423 0.0512],[0.27   0.2351 0.2145]
[iter 13]:[0.5542 0.4788 0.3948],[0.7419 0.6678 0.5729],[0.0503 0.042  0.0508],[0.2676 0.2332 0.2135]
[iter 14]:[0.5531 0.4778 0.3939],[0.7414 0.6673 0.5723],[0.0502 0.0419 0.0507],[0.2665 0.2323 0.2128]
[iter 15]:[0.5527 0.4774 0.3936],[0.7413 0.6673 0.5723],[0.0502 0.0419 0.0507],[0.2659 0.2318 0.2125]
[iter 16]:[0.5525 0.4772 0.3934],[0.7413 0.6673 0.5723],[0.05   0.0417 0.0505],[0.2647 0.2309 0.2119]
[iter 17]:[0.5516 0.4764 0.3926],[0.741  0.6669 0.5719],[0.05   0.0417 0.0505],[0.2639 0.2303 0.2116]
[iter 18]:[0.5512 0.4759 0.3922],[0.7407 0.6667 0.5717],[0.05   0.0417 0.0505],[0.2637 0.2301 0.2114]
[iter 19]:[0.5509 0.4757 0.392 ],[0.7406 0.6666 0.5716],[0.05   0.0417 0.0505],[0.2634 0.2299 0.2113]
